% Intrinsic and Extrinsic Camera Parameters
%
% This script file can be directly excecuted under Matlab to recover the camera intrinsic and extrinsic parameters.
% IMPORTANT: This file contains neither the structure of the calibration objects nor the image coordinates of the calibration points.
%            All those complementary variables are saved in the complete matlab data file Calib_Results.mat.
% For more information regarding the calibration model visit http://www.vision.caltech.edu/bouguetj/calib_doc/


%-- Focal length:
fc = [ 407.547634775996870 ; 476.621542742597170 ];

%-- Principal point:
cc = [ 229.554124000077560 ; 202.014094065335370 ];

%-- Skew coefficient:
alpha_c = 0.000000000000000;

%-- Distortion coefficients:
kc = [ -0.398685067339131 ; 0.174825950882041 ; 0.001619841589902 ; 0.004406525282960 ; 0.000000000000000 ];

%-- Focal length uncertainty:
fc_error = [ 2.749817647714835 ; 3.155267735322704 ];

%-- Principal point uncertainty:
cc_error = [ 5.051602659764383 ; 5.606685320044980 ];

%-- Skew coefficient uncertainty:
alpha_c_error = 0.000000000000000;

%-- Distortion coefficients uncertainty:
kc_error = [ 0.015518984126622 ; 0.033547837177715 ; 0.001808351693203 ; 0.001644772980477 ; 0.000000000000000 ];

%-- Image size:
nx = 480;
ny = 360;


%-- Various other variables (may be ignored if you do not use the Matlab Calibration Toolbox):
%-- Those variables are used to control which intrinsic parameters should be optimized

n_ima = 23;						% Number of calibration images
est_fc = [ 1 ; 1 ];					% Estimation indicator of the two focal variables
est_aspect_ratio = 1;				% Estimation indicator of the aspect ratio fc(2)/fc(1)
center_optim = 1;					% Estimation indicator of the principal point
est_alpha = 0;						% Estimation indicator of the skew coefficient
est_dist = [ 1 ; 1 ; 1 ; 1 ; 0 ];	% Estimation indicator of the distortion coefficients


%-- Extrinsic parameters:
%-- The rotation (omc_kk) and the translation (Tc_kk) vectors for every calibration image and their uncertainties

%-- Image #1:
omc_1 = [ -2.040154e+000 ; -2.064117e+000 ; 1.700193e-001 ];
Tc_1  = [ -1.066934e+002 ; -1.924291e+002 ; 8.927616e+002 ];
omc_error_1 = [ 1.621101e-002 ; 1.766121e-002 ; 3.510886e-002 ];
Tc_error_1  = [ 1.116830e+001 ; 1.049901e+001 ; 7.980638e+000 ];

%-- Image #2:
omc_2 = [ -1.959406e+000 ; -2.031703e+000 ; 2.936431e-001 ];
Tc_2  = [ -8.652090e+001 ; -1.545157e+002 ; 9.617274e+002 ];
omc_error_2 = [ 1.406859e-002 ; 1.619549e-002 ; 3.015334e-002 ];
Tc_error_2  = [ 1.195673e+001 ; 1.128088e+001 ; 7.961768e+000 ];

%-- Image #3:
omc_3 = [ -1.606908e+000 ; -2.481708e+000 ; 8.212811e-001 ];
Tc_3  = [ -2.628573e+002 ; -2.915438e+002 ; 8.084537e+002 ];
omc_error_3 = [ 1.353244e-002 ; 9.667769e-003 ; 2.096837e-002 ];
Tc_error_3  = [ 1.048782e+001 ; 9.989479e+000 ; 7.277571e+000 ];

%-- Image #4:
omc_4 = [ 1.628855e+000 ; 2.304280e+000 ; 1.131101e-001 ];
Tc_4  = [ -2.320243e+002 ; -2.280421e+002 ; 6.278259e+002 ];
omc_error_4 = [ 8.681282e-003 ; 1.560446e-002 ; 2.210735e-002 ];
Tc_error_4  = [ 8.041066e+000 ; 7.630644e+000 ; 6.749325e+000 ];

%-- Image #5:
omc_5 = [ 1.590924e+000 ; 2.312987e+000 ; 1.448999e-001 ];
Tc_5  = [ -2.252068e+002 ; -2.073107e+002 ; 6.361332e+002 ];
omc_error_5 = [ 9.074648e-003 ; 1.579068e-002 ; 2.197953e-002 ];
Tc_error_5  = [ 8.128234e+000 ; 7.727268e+000 ; 6.661477e+000 ];

%-- Image #6:
omc_6 = [ 4.480909e-001 ; 2.828538e+000 ; 3.374683e-001 ];
Tc_6  = [ -8.288040e+001 ; -2.476673e+002 ; 5.993905e+002 ];
omc_error_6 = [ 4.816270e-003 ; 1.793312e-002 ; 2.218916e-002 ];
Tc_error_6  = [ 7.739335e+000 ; 7.291605e+000 ; 6.316859e+000 ];

%-- Image #7:
omc_7 = [ 1.255865e-001 ; 2.751899e+000 ; 3.727176e-001 ];
Tc_7  = [ 6.362792e+000 ; -2.355532e+002 ; 5.993794e+002 ];
omc_error_7 = [ 4.159309e-003 ; 1.536186e-002 ; 1.920169e-002 ];
Tc_error_7  = [ 7.660590e+000 ; 7.170404e+000 ; 5.622957e+000 ];

%-- Image #8:
omc_8 = [ 2.455264e+000 ; -3.017794e-002 ; -1.198023e-001 ];
Tc_8  = [ -9.764681e+001 ; 1.010555e+002 ; 5.977299e+002 ];
omc_error_8 = [ 1.261957e-002 ; 6.522105e-003 ; 1.733414e-002 ];
Tc_error_8  = [ 7.433571e+000 ; 7.128784e+000 ; 5.701760e+000 ];

%-- Image #9:
omc_9 = [ -1.721180e+000 ; -1.824735e+000 ; 9.459706e-001 ];
Tc_9  = [ -2.121226e+001 ; -2.066478e+002 ; 7.944369e+002 ];
omc_error_9 = [ 1.243196e-002 ; 7.811923e-003 ; 1.701630e-002 ];
Tc_error_9  = [ 1.005122e+001 ; 9.293779e+000 ; 5.655493e+000 ];

%-- Image #10:
omc_10 = [ -1.554364e+000 ; -1.863002e+000 ; 7.077387e-001 ];
Tc_10  = [ -5.012782e+001 ; -1.614209e+002 ; 6.704172e+002 ];
omc_error_10 = [ 1.030736e-002 ; 9.349733e-003 ; 1.546355e-002 ];
Tc_error_10  = [ 8.327286e+000 ; 7.834971e+000 ; 4.819474e+000 ];

%-- Image #11:
omc_11 = [ -5.530716e-001 ; -2.457435e+000 ; 1.355621e+000 ];
Tc_11  = [ 4.482072e+001 ; -1.628635e+002 ; 6.846164e+002 ];
omc_error_11 = [ 1.092550e-002 ; 1.221362e-002 ; 1.542504e-002 ];
Tc_error_11  = [ 8.526683e+000 ; 8.045852e+000 ; 4.282456e+000 ];

%-- Image #12:
omc_12 = [ 1.654786e+000 ; 1.700901e+000 ; 9.327043e-001 ];
Tc_12  = [ -8.856986e+001 ; -1.499246e+002 ; 4.336902e+002 ];
omc_error_12 = [ 1.234922e-002 ; 9.525714e-003 ; 1.468202e-002 ];
Tc_error_12  = [ 5.528620e+000 ; 5.159984e+000 ; 4.681203e+000 ];

%-- Image #13:
omc_13 = [ 1.662343e+000 ; 2.124040e+000 ; 6.748070e-001 ];
Tc_13  = [ -1.618649e+002 ; -2.305224e+002 ; 5.094304e+002 ];
omc_error_13 = [ 1.040158e-002 ; 1.171681e-002 ; 1.733247e-002 ];
Tc_error_13  = [ 6.717119e+000 ; 6.247171e+000 ; 5.795741e+000 ];

%-- Image #14:
omc_14 = [ 1.976028e+000 ; 2.347648e+000 ; -9.091387e-002 ];
Tc_14  = [ -2.171579e+002 ; -2.326127e+002 ; 7.005639e+002 ];
omc_error_14 = [ 1.049386e-002 ; 1.560683e-002 ; 2.845968e-002 ];
Tc_error_14  = [ 8.842004e+000 ; 8.404914e+000 ; 7.015159e+000 ];

%-- Image #15:
omc_15 = [ 1.968275e+000 ; 2.283547e+000 ; 2.428587e-003 ];
Tc_15  = [ -2.139201e+002 ; -2.251393e+002 ; 6.786874e+002 ];
omc_error_15 = [ 1.079608e-002 ; 1.559283e-002 ; 2.767005e-002 ];
Tc_error_15  = [ 8.579507e+000 ; 8.145212e+000 ; 6.959955e+000 ];

%-- Image #16:
omc_16 = [ 1.768874e+000 ; -1.276881e+000 ; -7.889918e-001 ];
Tc_16  = [ 1.655637e+002 ; 4.409606e+001 ; 4.836769e+002 ];
omc_error_16 = [ 1.099985e-002 ; 1.020007e-002 ; 1.398003e-002 ];
Tc_error_16  = [ 6.230628e+000 ; 5.891050e+000 ; 5.307381e+000 ];

%-- Image #17:
omc_17 = [ -1.279741e+000 ; -1.730310e+000 ; 1.176168e+000 ];
Tc_17  = [ 1.602659e+002 ; -2.047266e+002 ; 7.879385e+002 ];
omc_error_17 = [ 1.215798e-002 ; 9.083135e-003 ; 1.432054e-002 ];
Tc_error_17  = [ 1.011127e+001 ; 9.330195e+000 ; 5.978816e+000 ];

%-- Image #18:
omc_18 = [ -2.903549e+000 ; -1.938453e-001 ; 6.542030e-001 ];
Tc_18  = [ -1.836502e+002 ; 5.101806e+001 ; 8.054286e+002 ];
omc_error_18 = [ 1.505693e-002 ; 5.250170e-003 ; 2.214389e-002 ];
Tc_error_18  = [ 9.911178e+000 ; 9.591844e+000 ; 5.808564e+000 ];

%-- Image #19:
omc_19 = [ -2.861806e+000 ; -1.640073e-001 ; 5.155458e-001 ];
Tc_19  = [ -1.415672e+002 ; 8.471265e+001 ; 7.750891e+002 ];
omc_error_19 = [ 1.508126e-002 ; 4.410709e-003 ; 2.217279e-002 ];
Tc_error_19  = [ 9.513578e+000 ; 9.144261e+000 ; 5.460580e+000 ];

%-- Image #20:
omc_20 = [ -2.861817e+000 ; -1.652849e-001 ; 5.081707e-001 ];
Tc_20  = [ -1.375895e+002 ; 7.535483e+001 ; 7.733455e+002 ];
omc_error_20 = [ 1.516595e-002 ; 4.364928e-003 ; 2.235442e-002 ];
Tc_error_20  = [ 9.483808e+000 ; 9.120459e+000 ; 5.441240e+000 ];

%-- Image #21:
omc_21 = [ -2.418363e+000 ; 6.483524e-002 ; 2.761547e-001 ];
Tc_21  = [ -9.265965e+001 ; 1.455402e+002 ; 7.914148e+002 ];
omc_error_21 = [ 1.306477e-002 ; 6.348077e-003 ; 1.630931e-002 ];
Tc_error_21  = [ 9.836648e+000 ; 9.357443e+000 ; 4.868118e+000 ];

%-- Image #22:
omc_22 = [ 2.546031e+000 ; -1.611148e-002 ; -8.615017e-002 ];
Tc_22  = [ -1.024030e+002 ; 1.518751e+002 ; 5.969172e+002 ];
omc_error_22 = [ 1.286126e-002 ; 5.629157e-003 ; 1.845047e-002 ];
Tc_error_22  = [ 7.496847e+000 ; 7.208162e+000 ; 5.840115e+000 ];

%-- Image #23:
